%YAML:1.0
calibration_time: "Mon Aug 31 21:28:20 2015"
nframes: 26
image_width: 640
image_height: 480
board_width: 9
board_height: 6
square_size: 1.
flags: 0
camera_matrix: !!opencv-matrix
   rows: 3
   cols: 3
   dt: d
   data: [ 5.3933556983045764e+02, 0., 3.3461675185451435e+02, 0.,
       5.3917865652864805e+02, 2.4092269032257059e+02, 0., 0., 1. ]
distortion_coefficients: !!opencv-matrix
   rows: 5
   cols: 1
   dt: d
   data: [ -2.8950589771340479e-01, 1.1579877816871757e-01,
       5.9348754282560366e-04, -7.3028108984061590e-04,
       -3.3970579131972461e-02 ]
avg_reprojection_error: 4.3969107538117214e-01
per_view_reprojection_errors: !!opencv-matrix
   rows: 26
   cols: 1
   dt: f
   data: [ 1.86378524e-01, 4.33540851e-01, 1.17469823e+00,
       1.19311500e+00, 2.19230756e-01, 2.42208600e-01, 2.25332275e-01,
       2.66601264e-01, 2.69560099e-01, 6.03224158e-01, 1.77223459e-01,
       2.38491654e-01, 2.50027746e-01, 2.82091409e-01, 3.17991346e-01,
       2.41325274e-01, 2.92795151e-01, 2.89145231e-01, 2.42938742e-01,
       1.70507550e-01, 2.80336261e-01, 2.42483422e-01, 4.02837634e-01,
       5.50261378e-01, 2.40060642e-01, 1.67453483e-01 ]
extrinsic_parameters: !!opencv-matrix
   rows: 26
   cols: 6
   dt: d
   data: [ 1.7501661307864227e-01, 2.8885511234963490e-01,
       1.4166028095771154e-02, -2.7751268945862435e+00,
       -4.5207773817254182e+00, 1.6092986004002672e+01,
       1.5593100215944286e-01, 2.6225330969541139e-01,
       8.0076059786841815e-03, -6.5068509608802003e+00,
       -4.1245153922776803e+00, 1.5946020865264902e+01,
       4.1203724113065654e-01, 6.6828183635657423e-01,
       -1.3386752084555771e+00, -2.1378505776746577e+00,
       3.1768311824942730e+00, 1.4277279219292570e+01,
       4.1153062764391696e-01, 6.3694782427200713e-01,
       -1.3439437980510442e+00, -5.7769928221827200e+00,
       3.5262903711237392e+00, 1.4069992454559518e+01,
       -2.6904357684371755e-01, 1.9825121833108009e-01,
       3.5757274994319721e-01, -1.4109563868545525e+00,
       -4.1391442273826771e+00, 1.2781809797412260e+01,
       -2.8449064588559714e-01, 1.8446188471321220e-01,
       3.4778130193965467e-01, -5.0619215115201790e+00,
       -3.8300197185412150e+00, 1.2702504973934690e+01,
       -1.0491686557323690e-01, 2.5344299758807814e-01,
       7.6089390026379299e-05, -3.7440719240326357e+00,
       -2.8237166224152626e+00, 1.3336778354699788e+01,
       -1.2107495473844444e-01, 2.3290637293665181e-01,
       -8.9336574636477636e-03, -7.4006616419837430e+00,
       -2.4844788082102842e+00, 1.3193838817757186e+01,
       -2.7758484304588110e-01, 4.3528924122946172e-01,
       1.3168025628809652e+00, 2.5220536072999353e+00,
       -4.7310326826549103e+00, 1.2673449843041649e+01,
       -3.0154513396253935e-01, 4.2642208293162631e-01,
       1.3054512175228932e+00, -1.1305625089994131e+00,
       -4.4505611925965907e+00, 1.2709562033236919e+01,
       4.2280778041439976e-01, 3.0447125798105851e-01,
       1.6477170670353023e+00, 6.8899510737937151e+00,
       -2.7640933539377488e+00, 1.3446712280637952e+01,
       3.9245059075977096e-01, 3.0770788097037666e-01,
       1.6458914453397071e+00, 3.2271786867239292e+00,
       -2.4578451536993460e+00, 1.3490559341097027e+01,
       1.9975860208306101e-01, 3.4916771569041682e-01,
       1.8701752591540355e+00, 1.0082009553944149e+00,
       -3.0261360708389473e+00, 1.5607573477426136e+01,
       1.6405151951190580e-01, 3.4997158149860741e-01,
       1.8607116421629881e+00, -2.7168752472192739e+00,
       -2.6650412892477813e+00, 1.5601676088216715e+01,
       -7.4117625647384403e-02, 4.8333713651397192e-01,
       1.7568627413378266e+00, 3.3449932092806085e+00,
       -3.6392391086161089e+00, 1.2653072372565918e+01,
       -1.0079207812854042e-01, 4.7854713810037736e-01,
       1.7436928882245268e+00, -3.2518085439200811e-01,
       -3.3626326088179614e+00, 1.2697699232219852e+01,
       2.1282787624197808e-01, -4.1224537943324346e-01,
       1.2902141070302306e-01, -2.4907058649818916e+00,
       -3.3528388897703576e+00, 1.1203663898241693e+01,
       1.9545121328132339e-01, -4.3161693418078134e-01,
       1.3071869359869667e-01, -6.1072886669609909e+00,
       -3.0555794236280369e+00, 1.1101357137108327e+01,
       -4.0337287198658073e-01, -4.9446129635699521e-01,
       1.3346849054677614e+00, 2.0681137741594156e+00,
       -4.5725451875572141e+00, 1.3525238330852570e+01,
       -4.3060032797968273e-01, -4.9944242613275908e-01,
       1.3333976459341312e+00, -1.6000377650016770e+00,
       -4.2595211293512598e+00, 1.3542967115208802e+01,
       -2.2285652706761830e-01, 3.5352519865592230e-01,
       1.5342985232464887e+00, 2.2176755027744801e+00,
       -4.2255048616885427e+00, 1.2882505756089907e+01,
       -2.5119823037355038e-01, 3.4965831605879871e-01,
       1.5225533559398365e+00, -1.4457043058395891e+00,
       -3.9323124963263418e+00, 1.2920558470837705e+01,
       4.8008834411199852e-01, -2.7741176705739329e-01,
       1.2339458576169342e+00, 1.5166347683623829e+00,
       -3.7834875649057147e+00, 1.1685290458258576e+01,
       4.5024958731206172e-01, -2.8453105209614038e-01,
       1.2361750345425118e+00, -2.1176438482365167e+00,
       -3.4989812901654092e+00, 1.1669089216876131e+01,
       -1.5522052300601172e-01, -4.6608374216220733e-01,
       1.3438705488413409e+00, 1.9789064456599681e+00,
       -4.4516502486634870e+00, 1.2507247857509185e+01,
       -1.8013770787610983e-01, -4.7230980943344236e-01,
       1.3443558370580948e+00, -1.6629614223900966e+00,
       -4.1524759637178601e+00, 1.2504584172656944e+01 ]
